1 500 0
1 500 32
1 500 64
1 500 96
1 500 128
1 500 160
1 500 192
1 500 224
1 500 256
1 500 288
1 500 320
1 500 352
1 500 384
1 500 416
1 500 448
1 500 480
1 500 512
1 500 544
1 500 576
1 500 608
1 500 640
1 500 672
1 500 704
1 500 736
1 500 768
1 532 768
1 564 768
1 596 768
1 628 768
1 660 768
1 692 768
1 724 768
1 756 768
1 788 768
1 820 768
1 852 768
1 852 600
1 884 768
1 916 768
1 948 768
1 948 300
1 980 768
1 1012 768
1 1044 768
1 1076 768
1 1108 768
0 1140 640
1 1140 768
1 1172 768
1 1204 768
1 1236 768
1 1268 768
1 1300 768
1 1332 768
1 1364 768
1 1396 768
1 1428 768
1 1460 768
1 1492 768
1 1524 768
1 1556 768
1 1588 768
1 1620 768
1 1652 768
1 1684 768
1 1715 736
1 1716 768
1 1748 768
1 1780 768
1 1812 768
1 1844 768
1 1876 768
1 1908 768
1 1940 768